
state={
	id=400
	name="STATE_400"
	resources={
		aluminium=14.000
	}

	history={
		owner = MOS
		buildings = {
			infrastructure = 4

		}
		add_core_of = SOV

	}

	provinces={
		6 23 31 45 73 88 99 108 112 119 135 146 175 186 196 272 359 1307 3000 3004 3017 3041 3066 3087 3102 3103 3112 3139 3146 3167 3177 3186 3264 3363 6089 6110 6112 6119 6121 6124 6133 6158 6162 6171 6190 6191 6202 6213 6274 6288 6383 7318 9050 9065 9114 9133 9136 9145 9146 9155 9172 9180 9192 9200 9210 9214 9222 9232 9370 10200 11025 11027 11035 11051 11075 11087 11110 11124 11133 11149 11158 11170 11179 11180 11192 11193 11203 11354 
	}
	manpower=2115475
	buildings_max_level_factor=1.000
	state_category=town
}
